0
-174
0
351
0
-613
0
983
0
-1490
0
2165
0
-3044
0
4167
0
-5578
0
7328
0
-9470
0
12066
0
-15183
0
18897
0
-23294
0
28472
0
-34547
0
41660
0
-49981
0
59731
0
-71198
0
84774
0
-101010
0
120717
0
-145138
0
176285
0
-217646
0
275831
0
-365029
0
522193
0
-882909
0
2667786
4194304
2667786
0
-882909
0
522193
0
-365029
0
275831
0
-217646
0
176285
0
-145138
0
120717
0
-101010
0
84774
0
-71198
0
59731
0
-49981
0
41660
0
-34547
0
28472
0
-23294
0
18897
0
-15183
0
12066
0
-9470
0
7328
0
-5578
0
4167
0
-3044
0
2165
0
-1490
0
983
0
-613
0
351
0
-174
