0
-349
0
702
0
-1225
0
1966
0
-2980
0
4330
0
-6088
0
8334
0
-11157
0
14655
0
-18940
0
24132
0
-30366
0
37794
0
-46588
0
56944
0
-69094
0
83319
0
-99962
0
119462
0
-142396
0
169547
0
-202020
0
241434
0
-290275
0
352569
0
-435293
0
551662
0
-730059
0
1044386
0
-1765818
0
5335572
8388607
5335572
0
-1765818
0
1044386
0
-730059
0
551662
0
-435293
0
352569
0
-290275
0
241434
0
-202020
0
169547
0
-142396
0
119462
0
-99962
0
83319
0
-69094
0
56944
0
-46588
0
37794
0
-30366
0
24132
0
-18940
0
14655
0
-11157
0
8334
0
-6088
0
4330
0
-2980
0
1966
0
-1225
0
702
0
-349
